13
24
24
24
27
14
28
18
30
42
17
17
20
33
33
35
22
22
39
52
76
53
47
46
48
60
72
51
54
65
56
59
58
48
39
26
40
30
34
25
48
60
51
41
56
45
35
37
39
16
40
18
18
30
17
19
21
33
23
47
46
73
86
66
83
73
77
79
71
60
51
50
52
54
57
51
42
71
34
46
37
73
73
73
73
73
73
73
73
73
60
60
60
72
72
72
72
84
84
84
84
84
84
63
63
63
63
63
63
53
53
53
56
80
80
80
80
31
31
57
57
57
57
27
32
34
36
51
40
53
70
67
45
35
72
63
62
52
64
76
54
78
41
65
56
55
67
45
57
69
47
46
58
41
49
49
49
49
49
49
61
73
73
73
73
73
73
73
85
85
85
60
60
60
60
60
60
60
72
72
72
72
96
63
63
63
63
75
75
75
75
75
75
50
50
62
62
86
86
86
86
64
76
88
88
88
66
66
78
78
90
90
90
90
77
68
68
68
80
80
92
92
92
67
67
79
79
91
69
69
69
81
81
81
93
93
93
59
59
59
59
71
71
71
71
71
83
83
83
83
83
83
95
95
95
95
58
58
70
70
70
82
82
82
94
94
94
86
86
86
86
86
86
79
79
57
57
57
69
69
69
61
72
72
51
64
54
66
55
38
33
46
37
49
48
39
42
65
55
58
25
36
27
40
41
47
46
60
38
52
54
66
53
55
58
70
38
32
43
35
46
48
42
44
37
36
40
52
57
47
48
15
14
33
35
47
17
17
37
30
54
14
30
21
22
25
42
57
46
13
25
37
37
26
40
30
41
43
13
15
26
33
35
34
37
36
37
53
39
45
56
47
57
61
73
73
84
76
78
65
77
69
37
49
49
50
52
53
44
59
58
49
50
62
64
54
78
78
58
50
66
53
67
57
47
71
50
65
77
68
67
79
47
70
82
49
51
38
50
52
42
49
72
64
52
78
77
56
68
67
58
70
37
60
51
52
64
54
66
68
67
70
84
84
84
63
76
65
80
69
69
81
61
66
55
70
76
88
90
68
91
69
71
83
51
38
55
62
78
77
79
59
64
65
64
56
56
57
38
56
51
38
62
52
52
52
76
76
54
66
77
56
56
56
79
47
47
47
47
59
84
84
84
25
36
60
62
52
66
53
68
43
67
57
59
46
37
49
48
48
48
60
40
52
52
64
64
54
66
54
66
66
65
56
43
55
55
57
69
69
47
59
59
71
65
61
83
39
62
42
54
65
71
46
49
61
48
72
39
63
77
56
67
57
37
51
66
78
58
37
48
39
66
46
37
49
72
39
52
54
66
66
41
65
65
67
59
70
48
39
63
38
62
81
47
59
70
82
73
84
39
51
74
64
54
89
80
81
82
49
61
60
72
39
39
62
62
76
76
89
55
69
78
79
82
